    -9.80000      0.00000
    -9.40000      0.00000
    -9.00000      0.00000
    -8.60000    125.00000
    -8.20000      0.00000
    -7.80000      0.00000
    -7.40000      3.75000
    -7.00000      2.50000
    -6.60000      5.00000
    -6.20000     12.50000
    -5.80000     17.50000
    -5.40000     28.75000
    -5.00000     33.75000
    -4.60000     68.75000
    -4.20000     76.25000
    -3.80000     72.50000
    -3.40000    121.25000
    -3.00000    112.50000
    -2.60000    137.50000
    -2.20000    158.75000
    -1.80000    153.75000
    -1.40000    157.50000
    -1.00000    145.00000
    -0.60000    126.25000
    -0.20000    137.50000
     0.20000    121.25000
     0.60000    141.25000
     1.00000    131.25000
     1.40000    168.75000
     1.80000    163.75000
     2.20000    148.75000
     2.60000    140.00000
     3.00000    110.00000
     3.40000     87.50000
     3.80000     86.25000
     4.20000     71.25000
     4.60000     43.75000
     5.00000     40.00000
     5.40000     25.00000
     5.80000     11.25000
     6.20000     11.25000
     6.60000      2.50000
     7.00000      2.50000
     7.40000      0.00000
     7.80000      2.50000
     8.20000      0.00000
     8.60000    131.25000
     9.00000      0.00000
     9.40000      0.00000
     9.80000      0.00000
 after hadron evolution
    -9.80000      0.00000
    -9.40000      0.00000
    -9.00000      0.00000
    -8.60000    118.75000
    -8.20000      0.00000
    -7.80000      0.00000
    -7.40000      0.00000
    -7.00000      2.50000
    -6.60000      7.50000
    -6.20000     11.25000
    -5.80000     17.50000
    -5.40000     38.75000
    -5.00000     55.00000
    -4.60000     90.00000
    -4.20000    108.75000
    -3.80000    152.50000
    -3.40000    140.00000
    -3.00000    188.75000
    -2.60000    175.00000
    -2.20000    242.50000
    -1.80000    258.75000
    -1.40000    235.00000
    -1.00000    208.75000
    -0.60000    247.50000
    -0.20000    216.25000
     0.20000    221.25000
     0.60000    238.75000
     1.00000    246.25000
     1.40000    238.75000
     1.80000    241.25000
     2.20000    203.75000
     2.60000    202.50000
     3.00000    172.50000
     3.40000    150.00000
     3.80000    151.25000
     4.20000     97.50000
     4.60000     70.00000
     5.00000     43.75000
     5.40000     27.50000
     5.80000     20.00000
     6.20000      8.75000
     6.60000      2.50000
     7.00000      3.75000
     7.40000      0.00000
     7.80000      2.50000
     8.20000      0.00000
     8.60000    121.25000
     9.00000      0.00000
     9.40000      0.00000
     9.80000      0.00000
