 after hadron evolution
     0.02500    123.47037
     0.07500     79.06592
     0.12500     64.89344
     0.17500     52.53425
     0.22500     49.10520
     0.27500     39.39469
     0.32500     42.87492
     0.37500     11.39206
     0.42500     27.05206
     0.47500     15.52508
     0.52500     19.67742
     0.72500      8.18368
     0.77500      3.98652
     0.82500      7.60192
     1.22500      2.90420
     1.37500      2.63609
     1.42500      2.59634
     1.52500      2.47135
     1.57500      2.40427
