    -9.80000      0.00000
    -9.40000      0.00000
    -9.00000      0.00000
    -8.60000      0.00000
    -8.20000      0.00000
    -7.80000      0.00000
    -7.40000      0.00000
    -7.00000      0.00000
    -6.60000      0.00000
    -6.20000      0.00000
    -5.80000      0.00000
    -5.40000    131.25000
    -5.00000     12.50000
    -4.60000     31.25000
    -4.20000     51.25000
    -3.80000     66.25000
    -3.40000     80.00000
    -3.00000     92.50000
    -2.60000    132.50000
    -2.20000    160.00000
    -1.80000    162.50000
    -1.40000    175.00000
    -1.00000    202.50000
    -0.60000    200.00000
    -0.20000    198.75000
     0.20000    197.50000
     0.60000    188.75000
     1.00000    180.00000
     1.40000    200.00000
     1.80000    177.50000
     2.20000    135.00000
     2.60000    106.25000
     3.00000     95.00000
     3.40000     73.75000
     3.80000     66.25000
     4.20000     43.75000
     4.60000     22.50000
     5.00000      7.50000
     5.40000    142.50000
     5.80000      3.75000
     6.20000      0.00000
     6.60000      0.00000
     7.00000      0.00000
     7.40000      0.00000
     7.80000      0.00000
     8.20000      0.00000
     8.60000      0.00000
     9.00000      0.00000
     9.40000      0.00000
     9.80000      0.00000
 after hadron evolution
    -9.80000      0.00000
    -9.40000      0.00000
    -9.00000      0.00000
    -8.60000      0.00000
    -8.20000      0.00000
    -7.80000      0.00000
    -7.40000      0.00000
    -7.00000      0.00000
    -6.60000      0.00000
    -6.20000      0.00000
    -5.80000      1.25000
    -5.40000    137.50000
    -5.00000     35.00000
    -4.60000     67.50000
    -4.20000     97.50000
    -3.80000    127.50000
    -3.40000    143.75000
    -3.00000    168.75000
    -2.60000    188.75000
    -2.20000    255.00000
    -1.80000    247.50000
    -1.40000    242.50000
    -1.00000    253.75000
    -0.60000    272.50000
    -0.20000    276.25000
     0.20000    267.50000
     0.60000    298.75000
     1.00000    273.75000
     1.40000    253.75000
     1.80000    247.50000
     2.20000    218.75000
     2.60000    176.25000
     3.00000    143.75000
     3.40000    157.50000
     3.80000    113.75000
     4.20000     78.75000
     4.60000     65.00000
     5.00000     27.50000
     5.40000    137.50000
     5.80000      3.75000
     6.20000      0.00000
     6.60000      0.00000
     7.00000      0.00000
     7.40000      0.00000
     7.80000      0.00000
     8.20000      0.00000
     8.60000      0.00000
     9.00000      0.00000
     9.40000      0.00000
     9.80000      0.00000
