    -9.80000      0.00000
    -9.40000      0.00000
    -9.00000      0.00000
    -8.60000      0.00000
    -8.20000      0.00000
    -7.80000      0.00000
    -7.40000      0.00000
    -7.00000      0.00000
    -6.60000      0.00000
    -6.20000      0.00000
    -5.80000      1.25000
    -5.40000      6.25000
    -5.00000     12.50000
    -4.60000     35.00000
    -4.20000     61.25000
    -3.80000     96.25000
    -3.40000    111.25000
    -3.00000    128.75000
    -2.60000    200.00000
    -2.20000    276.25000
    -1.80000    278.75000
    -1.40000    283.75000
    -1.00000    326.25000
    -0.60000    343.75000
    -0.20000    350.00000
     0.20000    322.50000
     0.60000    320.00000
     1.00000    317.50000
     1.40000    325.00000
     1.80000    295.00000
     2.20000    236.25000
     2.60000    201.25000
     3.00000    146.25000
     3.40000    117.50000
     3.80000     95.00000
     4.20000     62.50000
     4.60000     28.75000
     5.00000      6.25000
     5.40000     10.00000
     5.80000      3.75000
     6.20000      0.00000
     6.60000      0.00000
     7.00000      0.00000
     7.40000      0.00000
     7.80000      0.00000
     8.20000      0.00000
     8.60000      0.00000
     9.00000      0.00000
     9.40000      0.00000
     9.80000      0.00000
 after hadron evolution
    -9.80000      0.00000
    -9.40000      0.00000
    -9.00000      0.00000
    -8.60000      0.00000
    -8.20000      0.00000
    -7.80000      0.00000
    -7.40000      0.00000
    -7.00000      0.00000
    -6.60000      0.00000
    -6.20000      0.00000
    -5.80000      3.75000
    -5.40000     23.75000
    -5.00000     42.50000
    -4.60000     87.50000
    -4.20000    123.75000
    -3.80000    176.25000
    -3.40000    212.50000
    -3.00000    237.50000
    -2.60000    291.25000
    -2.20000    375.00000
    -1.80000    370.00000
    -1.40000    350.00000
    -1.00000    391.25000
    -0.60000    420.00000
    -0.20000    428.75000
     0.20000    422.50000
     0.60000    431.25000
     1.00000    405.00000
     1.40000    358.75000
     1.80000    377.50000
     2.20000    286.25000
     2.60000    255.00000
     3.00000    225.00000
     3.40000    215.00000
     3.80000    170.00000
     4.20000    117.50000
     4.60000     80.00000
     5.00000     28.75000
     5.40000     16.25000
     5.80000      3.75000
     6.20000      0.00000
     6.60000      2.50000
     7.00000      0.00000
     7.40000      0.00000
     7.80000      0.00000
     8.20000      0.00000
     8.60000      0.00000
     9.00000      0.00000
     9.40000      0.00000
     9.80000      0.00000
