    -9.80000      0.00000
    -9.40000      0.00000
    -9.00000      0.00000
    -8.60000      0.00000
    -8.20000      0.00000
    -7.80000      0.00000
    -7.40000      0.00000
    -7.00000      0.00000
    -6.60000      0.00000
    -6.20000      0.00000
    -5.80000      0.00000
    -5.40000      2.50000
    -5.00000      2.50000
    -4.60000      5.00000
    -4.20000      8.75000
    -3.80000      8.75000
    -3.40000     13.75000
    -3.00000     21.25000
    -2.60000     20.00000
    -2.20000     28.75000
    -1.80000     33.75000
    -1.40000     28.75000
    -1.00000     32.50000
    -0.60000     45.00000
    -0.20000     33.75000
     0.20000     38.75000
     0.60000     33.75000
     1.00000     40.00000
     1.40000     33.75000
     1.80000     33.75000
     2.20000     21.25000
     2.60000     25.00000
     3.00000     15.00000
     3.40000     17.50000
     3.80000     13.75000
     4.20000      3.75000
     4.60000      5.00000
     5.00000      2.50000
     5.40000      1.25000
     5.80000      1.25000
     6.20000      0.00000
     6.60000      0.00000
     7.00000      0.00000
     7.40000      0.00000
     7.80000      0.00000
     8.20000      0.00000
     8.60000      0.00000
     9.00000      0.00000
     9.40000      0.00000
     9.80000      0.00000
 after hadron evolution
    -9.80000      0.00000
    -9.40000      0.00000
    -9.00000      0.00000
    -8.60000      0.00000
    -8.20000      0.00000
    -7.80000      0.00000
    -7.40000      0.00000
    -7.00000      0.00000
    -6.60000      0.00000
    -6.20000      0.00000
    -5.80000      0.00000
    -5.40000      6.25000
    -5.00000      8.75000
    -4.60000     27.50000
    -4.20000     41.25000
    -3.80000     60.00000
    -3.40000     58.75000
    -3.00000     60.00000
    -2.60000     87.50000
    -2.20000     90.00000
    -1.80000    110.00000
    -1.40000     85.00000
    -1.00000    102.50000
    -0.60000    105.00000
    -0.20000    105.00000
     0.20000    115.00000
     0.60000    110.00000
     1.00000    110.00000
     1.40000    100.00000
     1.80000     95.00000
     2.20000     96.25000
     2.60000     71.25000
     3.00000     52.50000
     3.40000     61.25000
     3.80000     51.25000
     4.20000     30.00000
     4.60000     23.75000
     5.00000     15.00000
     5.40000      2.50000
     5.80000      2.50000
     6.20000      0.00000
     6.60000      0.00000
     7.00000      0.00000
     7.40000      0.00000
     7.80000      0.00000
     8.20000      0.00000
     8.60000      0.00000
     9.00000      0.00000
     9.40000      0.00000
     9.80000      0.00000
