       0       5   12.8482    1    6    1    6
    21   -4.068   -1.954     -5.412  0.000     0.40     1.32    -0.08     0.11
    21   -0.446   -0.359     -0.385  0.000     0.03     1.00    -0.37     0.66
    21    0.815   -0.194     -0.115  0.000     1.88     1.01    -0.20     1.47
    21    0.050   -0.273     -1.718  0.000     0.51     1.07    -1.77     1.79
    21    0.859    0.260     -1.245  0.000     1.56     1.68    -1.59     1.96
       0     792    5.3948    5  125    5  129
    21   -1.942   -0.877     -1.697  0.000    -2.13     0.16    -0.39     0.75
    21    2.804   -1.000      1.323  0.000     0.11    -4.76     0.01     0.01
    21   -0.105    2.365      1.192  0.000     0.80     0.73     0.11     0.25
    21    0.872    0.203      0.716  0.000     1.47     0.87     3.43     5.49
    21    1.789    1.673     -0.203  0.000     1.61    -1.60     0.16     0.53
    21    0.473    0.516      0.346  0.000     3.31    -3.07     1.42     3.30
    21   -4.922   -5.103      7.316  0.000    -2.16     4.71     0.02     0.03
    21    0.486   -0.258      0.474  0.000     1.76    -2.39     0.13     0.56
    21    0.956   -2.281     -3.390  0.000    -1.43     0.09    -0.57     0.68
    21    0.589    0.239      0.100  0.000     2.26    -1.74     0.00     0.03
    21   -1.085    2.688     -2.572  0.000    -0.81     4.64    -0.57     0.90
    21    6.259    0.666     -7.569  0.000    -5.26    -2.68    -0.02     0.03
    21   -3.322    0.873      0.793  0.000     1.67    -1.00     0.01     0.03
    21   -1.404    0.707     -0.262  0.000     1.53     2.81    -0.01     0.03
    21   -0.835    0.024      0.059  0.000    -1.41    -0.69     0.14     0.35
    21   -0.388    2.004     -3.301  0.000    -0.45     3.49    -8.35     9.29
    21    1.558   -3.458     -1.051  0.000    -0.82    -0.57    -0.01     0.03
    21   -3.064   -0.319     -1.419  0.000     0.07    -4.76    -0.02     0.04
    21    1.410    2.990     -0.606  0.000    -4.70     1.85    -0.01     0.04
    21   -2.262    2.088     -3.225  0.000    -0.64     2.48    -0.03     0.04
    21   -3.800    1.545      3.234  0.000    -0.77     4.49     0.03     0.04
    21   -0.180    2.626     -2.960  0.000    -2.23     5.47    -0.83     1.12
    21   -0.077   -0.519      0.827  0.000    -0.41    -0.67     1.95     2.94
    21   -0.667   -0.302      0.566  0.000    -0.99    -1.13     3.49     4.95
    21    2.262   -3.436      4.227  0.000     2.49    -2.03     0.37     0.53
    21   -0.089   -1.585      0.257  0.000    -2.89    -1.78     0.01     0.05
    21    1.929   -4.140     -9.899  0.000     2.20     0.01    -0.98     1.08
    21   -0.309   -0.699     -0.490  0.000    -1.39    -1.16    -1.61     2.49
    21   -0.836   -0.331      0.164  0.000     0.89     2.99     0.01     0.05
    21   -1.115   -0.672      0.046  0.000     0.72     2.81     0.00     0.05
    21   -4.349   -3.781      5.736  0.000     1.21    -1.25     0.74     1.06
    21    2.288    2.944      2.417  0.000     1.77    -2.44     0.33     0.56
    21   -2.336   -2.350      3.371  0.000    -2.95     0.76     0.58     0.79
    21   -0.154   -0.444     -0.337  0.000    -1.09    -0.97    -0.03     0.05
    21   -0.001   -0.544      3.181  0.000    -1.29    -0.96     3.71     4.52
    21   -0.588   -2.094     -2.371  0.000    -1.03     0.22    -0.04     0.06
    21    3.231    1.805      3.326  0.000     1.64    -2.78     0.04     0.06
    21   -0.010    3.715      2.965  0.000    -1.54     0.42     0.04     0.06
    21   -1.194    0.393      0.297  0.000     2.95    -0.96     0.01     0.06
    21   -0.077   -0.072     -0.513  0.000    -0.85     3.52    -0.89     1.41
    21   -2.578    0.241      0.093  0.000    -3.25    -3.00     0.00     0.06
    21    0.821   -0.516     -1.956  0.000     1.68    -0.33    -0.77     1.29
    21    1.059    0.958     -1.364  0.000     1.27    -2.91    -0.34     0.49
    21    0.577    1.329      1.919  0.000     3.50    -0.81     1.03     1.17
    21   -0.582    0.296      0.509  0.000    -1.29     5.10     0.04     0.06
    21    2.697    0.807     -3.596  0.000     0.77     2.92    -4.32     5.27
    21    4.867   -0.325     -3.705  0.000    -1.64     4.79    -0.41     0.65
    21    0.033   -1.024     -0.072  0.000    -4.71     1.75    -0.00     0.06
    21   -0.100    0.456      0.289  0.000    -0.91    -0.94     3.48     4.95
    21   -0.502    0.153     -0.553  0.000    -1.12     3.21    -1.02     2.67
    21   -1.201   -0.275      5.757  0.000     0.94    -3.95     6.07     6.20
    21    0.671   -1.030     -6.100  0.000     3.73     1.70    -6.93     7.23
    21   -0.926    0.421      1.282  0.000     0.99     4.45     0.05     0.07
    21    0.515    0.272      0.576  0.000    -1.20     5.10     0.05     0.07
    21   -1.484   -2.827    -14.660  0.000    -2.45    -1.75   -10.64    10.86
    21    1.814    1.970      2.927  0.000    -0.26    -0.76     0.98     1.48
    21    0.205   -0.284     -0.222  0.000     3.33     3.80    -0.17     0.52
    21   -2.540    3.669      6.559  0.000    -1.27     5.11     0.06     0.08
    21    0.397    1.245     -0.411  0.000     2.91     3.66    -0.02     0.08
    21   -2.278   -1.201      1.825  0.000     1.50     2.77     0.04     0.08
    21   -1.929    3.382      0.950  0.000     1.52     2.86     0.02     0.08
    21   -2.701    3.470      7.484  0.000    -3.48     0.82     2.00     2.27
    21    1.294    0.330     -3.211  0.000    -0.89     0.26    -2.56     2.69
    21   -0.342   -0.963      0.202  0.000     1.47    -2.46     0.40     0.67
    21   -0.320   -1.426      3.423  0.000     1.55     2.76     0.08     0.09
    21    1.780   -1.179      0.850  0.000    -0.42    -1.42     0.56     1.67
    21    2.080   -1.560     -1.532  0.000    -1.45    -1.23    -1.58     2.49
    21    2.052    0.362      1.200  0.000     0.67     0.64     0.14     0.25
    21    0.703   -0.718     -1.279  0.000     3.13    -0.63    -0.07     0.09
    21    1.723    1.665     -2.734  0.000    -1.56    -0.93    -1.21     1.97
    21    0.020   -1.123      0.328  0.000    -0.38     5.68     0.03     0.09
    21    4.871    4.495     -3.948  0.000    -0.68     4.54    -0.05     0.09
    21   -0.854    1.019      0.569  0.000    -0.82     0.31     0.04     0.09
    21   -1.803   -1.415      8.271  0.000    -1.71     0.32     0.09     0.10
    21   -3.415   -2.062      7.524  0.000     0.31     4.04     1.50     1.71
    21   -1.646    0.323     -2.264  0.000    -2.03     5.31    -0.92     1.12
    21    0.211   -0.873     -1.094  0.000     1.35     2.95    -3.78     5.23
    21   -0.420    4.181      3.677  0.000     1.52     3.32     0.50     0.73
    21    0.836    0.531     -0.501  0.000     1.63     2.84    -0.05     0.10
    21   -0.332    1.996     -0.951  0.000     1.99     0.51    -0.04     0.10
    21   -0.749    0.419      1.003  0.000     1.64    -1.00     1.50     2.38
    21   -0.919    1.939      0.329  0.000    -3.79     2.84     0.02     0.11
    21    3.393   -0.177     -5.819  0.000     2.94     3.59    -0.09     0.11
    21   -0.267    0.791      0.360  0.000    -0.80     0.34     0.04     0.11
    21   -1.151    1.665     -4.282  0.000     0.68    -2.43    -0.54     0.62
    21    0.043    0.796      3.489  0.000    -2.96    -0.11     0.11     0.11
    21    0.201    0.221     -0.103  0.000     0.73    -2.46    -0.78     0.86
    21   -0.240    1.641      0.821  0.000     1.54     2.90     0.05     0.12
    21    1.014    1.364     -7.755  0.000     0.77     2.85    -0.11     0.12
    21    3.359    0.390      0.650  0.000    -0.64    -1.60     0.21     1.36
    21   -0.160   -0.255      0.145  0.000    -1.22     0.66    -1.44     2.21
    21    0.022   -0.089     -1.039  0.000     4.03    -0.02    -7.99     8.07
    21   -2.012   -2.775     -8.639  0.000    -1.82    -2.64    -3.01     3.31
    21   -0.069   -0.567      0.110  0.000    -0.88    -2.58     0.02     0.12
    21   -0.715    0.298     -0.294  0.000    -0.72     5.05    -0.63     1.04
    21    0.934   -0.670     -0.099  0.000     2.10     0.35    -0.01     0.12
    21    1.149    2.224    -10.990  0.000     1.05    -1.75    -3.80     3.96
    21    2.239    0.744     -3.921  0.000    -1.63    -5.16    -0.11     0.12
    21    0.196   -0.259     -2.040  0.000    -0.14     2.39   -22.93    23.22
    21    1.322   -1.977      2.440  0.000    -2.11    -3.74     0.09     0.12
    21    0.453    1.402      3.305  0.000     4.05     0.33    14.03    14.99
    21    1.692    0.396      0.087  0.000    -1.00    -1.44     0.01     0.13
    21   -0.092   -2.606      7.838  0.000    -3.37     2.61     0.12     0.13
    21   -1.044   -0.117     -1.933  0.000    -2.74     1.38    -0.11     0.13
    21   -0.825   -0.322     -1.420  0.000    -0.76     3.76    -0.57     0.68
    21    0.684   -2.493     -2.086  0.000     0.59    -1.24    -0.57     1.16
    21   -0.490    0.330      0.225  0.000    -3.36     1.40     5.98     7.39
    21   -1.981   -0.447      8.227  0.000    -0.31    -1.75     7.78     8.08
    21   -1.746    1.038      3.285  0.000    -0.83     0.28     0.12     0.14
    21    1.478    1.284     -5.915  0.000     2.49     0.12    -0.64     0.76
    21    0.434   -0.227     -0.057  0.000     1.72    -2.86    -0.02     0.14
    21   -0.898   -0.339     -0.656  0.000    -1.67    -4.71    -0.08     0.14
    21   -1.726   -0.268     -1.583  0.000    -2.06     4.52    -0.85     1.35
    21    2.219   -0.296      3.468  0.000    -0.66    -3.17     5.13     5.73
    21    0.306    0.925     -0.645  0.000     1.43     5.55    -1.33     3.10
    21    0.127   -0.180      0.586  0.000     1.37    -2.56     0.27     0.67
    21   -0.090   -0.056      0.260  0.000     0.43    -0.40     1.21     1.42
    21   -1.338    3.276     -2.524  0.000     1.81     0.54    -1.62     2.08
    21   -0.755    1.491      3.249  0.000    -0.26     2.25     4.66     5.08
    21    0.524   -0.758      3.677  0.000    -0.55     3.75     0.16     0.16
    21    1.203   -1.065      1.834  0.000    -0.43     3.95     0.12     0.16
    21   -0.777   -0.276      1.605  0.000    -1.70     0.08     0.53     0.59
    21   -3.661   -1.453      5.655  0.000    -2.98    -1.77     0.14     0.16
    21    0.143    0.736      0.296  0.000    -1.66     0.50     0.06     0.17
    21   -0.138   -0.122     -0.048  0.000     0.39     4.42     1.84     2.22
    21    0.389    0.425     -0.230  0.000    -0.46     4.47    -0.12     0.30
    21    0.181   -0.415     -0.544  0.000     3.94    -1.25    -0.13     0.17
    21   -2.628   -2.277     12.587  0.000    -4.75     1.79     0.16     0.17
    21    1.167    2.140      0.532  0.000     1.99    -4.23     0.04     0.17
    21   -1.393   -0.165     -0.793  0.000     2.74     3.57    -0.08     0.17
    21    0.492    1.646      0.319  0.000     0.96     3.58     0.08     0.58
    21   -1.042   -0.582      1.422  0.000    -1.72    -1.11     0.67     0.95
    21   -3.189   -1.979     -0.540  0.000    -1.77    -0.28    -0.02     0.17
    21    4.107    0.468     -1.565  0.000     1.45     5.57    -1.20     3.10
    21   -1.116   -1.107     -2.169  0.000    -1.25    -1.93    -0.37     0.61
    21    0.463    1.205     -1.989  0.000    -0.48    -1.64    -1.84     2.06
    21    0.585    0.948     -2.648  0.000     2.92     3.65    -0.16     0.18
    21    0.615   -0.309      0.970  0.000     1.69    -2.84     0.15     0.18
    21   -0.331    0.704      4.421  0.000     3.45    -0.85     1.05     1.17
    21   -0.748   -0.373      2.095  0.000     2.50     1.35     0.17     0.18
    21    0.339    0.575      0.457  0.000     2.88     1.46     0.10     0.18
    21   -2.346    1.315      6.817  0.000    -1.16     4.74     1.38     1.47
    21    0.051    0.779     -0.058  0.000     3.81    -0.13    -0.23     1.06
    21    0.776   -0.987      1.935  0.000     3.69    -1.45     0.16     0.19
    21    1.506   -0.189      1.740  0.000    -0.75    -2.48     0.14     0.19
    21    1.939   -1.451      9.647  0.000    -0.64    -3.34     0.19     0.20
    21    0.278    1.678     -1.569  0.000    -5.26    -2.54    -0.13     0.20
    21    0.004    1.189     -2.818  0.000     0.05    -4.03    -2.05     2.18
    21    1.704    1.716      9.880  0.000     3.02    -0.05     0.19     0.20
    21   -0.274   -0.588     -3.502  0.000    -2.11     0.10    -4.71     4.94
    21    1.102    1.159      3.234  0.000     3.98    -0.80     1.15     1.33
    21   -0.337    1.822     -4.636  0.000    -3.12    -1.47    -0.19     0.20
    21   -0.627   -1.782      8.234  0.000     2.48    -2.98     8.58     8.81
    21   -0.797   -1.216      3.156  0.000     1.17    -4.97     0.18     0.20
    21   -2.236   -1.821     12.122  0.000     0.24     0.48     1.18     1.21
    21   -1.613   -1.654     -3.115  0.000     0.58    -2.53    -0.73     0.86
    21    0.593   -2.079      4.754  0.000     5.91   -16.05    38.28    41.63
    21   -1.662   -0.589      0.492  0.000     0.02    -0.95    -0.65     3.94
    21    1.397    0.999     -4.496  0.000     0.95    -3.46    -1.97     2.04
    21   -0.468   -0.634     -1.098  0.000    -2.84     4.26    -2.49     3.12
    21   -1.856    0.629      2.296  0.000    -0.03    -4.71     0.16     0.21
    21   -0.731   -0.779     -1.090  0.000    -3.29    -3.12    -0.15     0.21
    21   -0.631    1.007      0.179  0.000    -1.65     0.56     0.03     0.21
    21   -0.825   -0.634     -0.214  0.000     0.58    -2.34     0.05     0.30
    21   -0.091   -1.437      0.203  0.000     3.61     3.32     0.03     0.21
    21   -0.174   -0.194     -0.151  0.000     1.09    -5.04    -0.11     0.21
    21   -0.233    0.636     -1.301  0.000     1.41     3.24    -0.80     0.93
    21    1.257    2.092    -16.108  0.000    -1.53     0.41    -0.21     0.22
    21    0.892    1.459     -2.837  0.000     0.74     2.72    -4.38     5.27
    21   -0.334   -0.471     -0.304  0.000     0.51    -0.69    -0.14     0.43
    21   -0.310   -1.065     -0.357  0.000     3.08     2.68    -0.31     1.05
    21   -0.378   -0.006     -0.005  0.000    -0.98     4.14     0.69     0.87
    21    2.419   -0.973      1.421  0.000     1.82    -0.92     1.44     2.38
    21    0.243   -2.200     -4.298  0.000    -2.99    -2.44    -0.20     0.22
    21   -0.849   -0.827      1.157  0.000     1.58    -1.66     0.06     0.45
    21   -0.591    0.977     -1.481  0.000    -0.84     0.36    -0.18     0.22
    21   -1.428   -1.283      4.195  0.000     3.56    -1.43     0.20     0.22
    21   -0.027    0.004     -0.011  0.000     2.36     1.27     1.32     3.77
    21   -0.299   -0.635      0.033  0.000     0.45    -3.92     0.01     0.23
    21   -1.148    0.250      0.831  0.000    -1.64    -0.05     0.28     0.54
    21    1.270   -0.628      2.503  0.000     3.72     3.48     0.20     0.23
    21   -0.914    0.020     -2.356  0.000    -0.87     4.05    -0.62     0.66
    21   -1.236   -2.248     -7.298  0.000     3.11    -1.40    -3.74     3.83
    21   -1.212    2.283      5.796  0.000     0.30     0.57     0.56     0.62
    21    1.070   -0.981      9.519  0.000    -1.22     5.05     0.23     0.23
    21    0.435    0.565     -0.608  0.000    -1.22     2.00    -0.15     0.23
    21   -0.867    0.674      0.038  0.000     0.85     3.69     0.05     0.58
    21    0.915    1.858     -4.078  0.000     4.11     2.32    -8.83    10.02
    21   -0.692    1.464      0.941  0.000    -3.01     0.72     0.35     0.79
    21   -0.256    0.979     -0.913  0.000     2.84    -2.08    -0.16     0.24
    21   -0.740    1.522      2.446  0.000    -3.21    -0.68     0.19     0.24
    21   -1.022   -0.928      1.989  0.000     0.84     2.91     0.20     0.24
    21    0.189    0.113     -0.790  0.000    -1.76     4.04    -9.97    10.63
    21    0.140   -0.081     -0.038  0.000    -4.61    -4.04    -0.06     0.24
    21    0.601   -0.570      0.573  0.000    -1.83    -1.89     0.14     0.24
    21    0.195    0.498      1.089  0.000    -1.95     0.66     0.59     0.72
    21    0.242   -0.207      0.171  0.000    -0.71    -2.60     0.11     0.24
    21   -0.674   -1.046      0.368  0.000    -0.64     3.82     0.07     0.24
    21   -0.077    0.807      2.407  0.000     0.93     3.08     0.23     0.25
    21   -2.455   -0.719    -16.794  0.000     3.08    -1.46    -3.72     3.83
    21   -0.269   -0.626      0.456  0.000     0.91    -3.33     0.14     0.25
    21    0.202    0.025     -1.038  0.000    -0.73     4.05     0.01     0.31
    21    0.841   -1.056      4.166  0.000    -2.77     2.21     3.84     3.92
    21    0.227   -0.237     -0.907  0.000     0.58     0.26    -1.32     2.07
    21   -4.021   -2.741     -1.348  0.000    -1.00    -0.39     0.16     0.95
    21   -0.979   -0.115     -2.065  0.000    -3.11    -2.35    -0.23     0.26
    21    0.512   -1.280      4.105  0.000     3.54    -4.46    11.55    12.38
    21   -0.076   -0.282      0.159  0.000    -0.17    -2.01     1.56     3.17
    21    1.374    1.260      3.623  0.000    -0.42     4.10     0.23     0.26
    21   -0.352    0.651      0.374  0.000    -0.70     4.02    -0.16     0.31
    21    0.768    0.242      0.610  0.000     2.69    -1.89     0.34     0.53
    21    1.235    1.319      5.269  0.000     4.19     0.25    14.06    14.99
    21    0.614   -0.276      1.938  0.000     1.73    -0.13     1.44     2.08
    21    3.553    0.697     -5.683  0.000    -0.42     4.82    -1.37     1.57
    21    1.004   -2.727     -4.902  0.000    -0.47    -1.63    -1.71     2.06
    21    0.706   -0.207     -1.479  0.000    -1.21     0.69    -1.50     2.21
    21    1.252    1.114     -3.419  0.000     2.33    -1.67    -0.25     0.28
    21   -1.101   -0.446     -7.726  0.000    -2.72     1.37    -0.28     0.28
    21    0.600    0.631      0.200  0.000     1.06    -0.73    -0.45     2.06
    21   -0.946    0.232      0.164  0.000    -1.12    -3.80     0.27     3.09
    21   -0.598    2.403     -9.553  0.000    -1.68     1.45    -4.37     4.56
    21   -0.115   -0.938     -1.066  0.000     0.55    -2.00    -1.56     3.41
    21    0.871    1.367     -0.421  0.000     3.40     3.98    -0.13     0.52
    21    0.231    0.596     -3.850  0.000    -0.62     0.50    -4.91     5.10
    21    0.922    0.546      3.294  0.000     2.88     1.38     0.27     0.29
    21    1.475   -0.005      2.205  0.000    -0.69     0.28     2.33     2.57
    21   -0.725    0.224     -0.838  0.000    -0.69     2.23    -3.51     4.48
    21   -0.523   -0.097     -0.074  0.000     0.93    -4.96    -0.04     0.29
    21   -0.387   -0.979      1.712  0.000    -2.22    -3.82     0.25     0.30
    21   -1.843   -0.160     -3.564  0.000    -3.13    -2.35    -0.26     0.30
    21   -2.009    0.518     -6.240  0.000    -0.45    -1.19    -7.42     7.91
    21    1.075   -1.230     -5.507  0.000    -1.48    -1.00    -0.29     0.30
    21    1.396   -1.116     -1.623  0.000    -1.51    -5.32    -0.20     0.30
    21   -0.155    0.170     -0.315  0.000    -1.79    -2.58    -2.90     3.74
    21    0.753    0.523      1.069  0.000     1.38    -4.79     0.23     0.31
    21   -0.052   -1.209     -0.741  0.000    -0.08    -0.99    -0.40     3.94
    21   -0.231   -1.374      2.711  0.000     3.60    -1.51     0.28     0.31
    21    0.094   -0.043     -0.022  0.000     3.07     2.61    -0.32     1.05
    21    0.434   -0.183     -0.287  0.000     0.72    -2.75    -0.16     0.31
    21    1.250    0.324     -7.117  0.000     1.09     2.32    -0.31     0.32
    21    0.717    1.149     -7.127  0.000    -0.40     1.04    -3.08     3.20
    21    1.272    2.183     -2.288  0.000     0.03     0.07    -0.21     0.32
    21   -0.490   -1.893    -10.352  0.000     0.83    -3.57    -1.46     1.53
    21    1.631   -1.864     -3.073  0.000     0.34     2.30    -3.46     4.11
    21    0.087    0.051     -0.036  0.000    -0.81     4.66    -0.59     0.90
    21    2.046    0.329     -3.610  0.000     1.18     4.45    -0.28     0.32
    21   -1.339   -1.658      3.664  0.000    -1.44    -1.12     1.06     1.20
    21   -0.936   -0.927     -1.511  0.000     1.35    -3.01    -0.37     0.49
    21   -0.091   -0.562      0.048  0.000     1.50     2.48     0.03     0.32
    21   -0.446   -0.401     -1.516  0.000    -2.22    -0.71    -6.39     6.46
    21    1.235   -2.233     -9.785  0.000    -1.41    -4.23    -9.43     9.76
    21   -0.978   -1.162    -15.553  0.000    -4.83    -3.95    -0.33     0.33
    21    0.966    0.309      3.333  0.000    -0.08     4.56     0.31     0.33
    21    0.232    0.615     -0.762  0.000     2.87     0.27    -0.25     0.33
    21    0.021   -1.947     -7.029  0.000     0.43     0.25    -0.32     0.33
    21   -1.118   -1.294     -1.586  0.000     1.80    -1.69    -0.17     0.41
    21   -0.876    0.154      3.659  0.000    -1.20    -1.45     0.33     0.34
    21   -1.132    0.578     -0.383  0.000     0.09    -0.15    -0.60     3.08
    21    0.739   -0.510     -1.040  0.000     0.20     1.99    -2.58     3.30
    21    1.738    0.360     18.253  0.000    -0.48     3.94     0.34     0.34
    21   -0.447    0.101     -0.876  0.000    -0.41     0.27    -3.39     3.64
    21    0.110    0.160      0.302  0.000    -2.46    -0.93     1.60     1.84
    21    0.441   -0.205     -1.124  0.000     1.97    -2.06    -0.31     0.34
    21   -0.642    0.663     -1.441  0.000    -1.33    -3.98    -0.29     0.34
    21   -0.628   -0.008     -1.242  0.000    -3.34    -3.01    -0.31     0.34
    21    0.376    0.161      1.490  0.000     2.52     0.92     0.66     0.86
    21   -0.039   -0.023     -0.063  0.000    -0.59    -3.45    -0.04     3.63
    21    0.220    0.634      0.672  0.000    -3.68    -2.22     0.42     1.02
    21    0.312    1.228      2.629  0.000     0.38     4.45     1.88     2.22
    21    0.370   -0.297      0.228  0.000     4.14    -1.35     0.15     0.35
    21   -0.542    0.126     -0.349  0.000    -0.82     4.24    -0.29     0.48
    21    0.465   -1.072     -1.131  0.000    -0.41     3.79    -0.24     0.35
    21   -0.044   -0.487     -0.857  0.000     2.87     3.42    -0.30     0.35
    21   -0.505    0.063      0.067  0.000    -2.04     0.19     0.47     0.71
    21   -0.411   -0.136      0.094  0.000    -1.43    -0.79     0.07     0.35
    21    0.511   -1.669      2.833  0.000     1.59    -2.06     4.00     4.82
    21    0.328   -1.011      2.618  0.000    -0.64    -3.44     0.32     0.35
    21    0.296   -1.116     13.711  0.000     1.65     3.19     3.99     4.03
    21    1.190    0.691     -4.008  0.000    -2.90    -2.28    -0.33     0.35
    21   -3.666   -0.388     11.978  0.000    -2.97    -1.80     3.41     3.55
    21    0.427   -0.146      0.271  0.000     4.01    -0.78     1.08     1.33
    21    1.792   -1.597     -9.642  0.000     2.86     0.02    -0.34     0.35
    21   -0.315   -0.835      0.450  0.000    -2.08    -2.05     0.16     0.36
    21    0.990    0.188     -0.593  0.000    -2.11     0.09    -0.45     0.75
    21   -1.761   -1.562    -21.325  0.000    -2.22    -3.29    -1.92     1.93
    21   -0.719    0.696      4.754  0.000     0.65    -2.52     1.29     1.32
    21   -0.509    1.907    -15.597  0.000    -2.42    -1.49   -12.50    12.69
    21   -0.079   -1.535      3.190  0.000     3.24    -0.77     0.48     0.50
    21   -0.637    0.167     -0.979  0.000    -2.40    -0.29    -1.83     2.41
    21    0.821   -0.886     -1.586  0.000     1.18     2.15    -0.29     0.36
    21    0.270    0.737     -0.540  0.000     3.17     4.81    -5.18     8.13
    21    0.213   -0.743      1.014  0.000    -0.62    -3.53     0.29     0.36
    21   -0.930   -1.202     -3.042  0.000    -1.63    -0.05    -0.53     0.57
    21   -0.608   -0.271      2.568  0.000    -0.66     3.74     0.36     0.37
    21   -1.910   -0.446      0.784  0.000    -3.52    -3.09     0.14     0.37
    21   -0.744   -0.134      3.088  0.000    -0.66    -3.11     5.19     5.73
    21   -0.358    0.137     -0.153  0.000    -3.47    -0.67    -0.14     0.37
    21   -0.072    0.052     -0.024  0.000     1.71     0.63    -0.10     0.38
    21    0.033   -0.015      0.027  0.000     2.26     3.57    -3.94     6.24
    21   -0.830   -0.951      2.437  0.000    -0.21    -0.26     0.34     0.39
    21    0.086    0.524     -1.810  0.000     1.72    -0.90    -0.37     0.39
    21    1.688   -0.297      0.595  0.000     0.20    -2.02     0.30     2.11
    21    0.102   -0.866     -5.090  0.000    -1.17     0.24    -2.61     2.69
    21   -0.214    0.506     -0.014  0.000    -2.72     1.50    -0.01     0.39
    21   -0.509   -1.325     -2.120  0.000     1.83    -4.58    -0.33     0.40
    21    0.844   -0.319      2.150  0.000     0.70     0.30     0.39     0.45
    21   -0.568   -0.047     -0.263  0.000    -0.03     3.15     0.05     1.00
    21   -1.392    1.082    -18.348  0.000    -1.19     4.53    -7.08     7.13
    21   -2.918   -2.178    -26.509  0.000     3.85    -1.19    -0.40     0.41
    21   -0.151   -0.426      0.076  0.000    -1.20     3.30    -1.12     2.67
    21    1.382    1.368     -7.038  0.000     0.53     0.77    -0.40     0.41
    21    0.617    1.379      1.828  0.000    -1.57    -1.08     0.90     1.20
    21    1.622   -1.766     15.518  0.000    -1.03    -0.98     0.41     0.42
    21   -0.221   -0.160     -0.225  0.000    -4.00    -1.43    -0.27     0.42
    21    0.109    0.583      0.326  0.000    -2.82    -1.37     0.20     0.42
    21    0.922    0.600     -2.284  0.000     2.58    -0.02    -0.48     0.57
    21    1.158    0.212      3.561  0.000     0.23    -4.73     0.41     0.43
    21   -0.764    1.370      8.854  0.000     0.84    -2.60     0.42     0.43
    21    0.077    2.945      6.192  0.000     3.63     3.72     0.39     0.44
    21   -0.578   -0.561     -0.680  0.000    -3.35    -1.78    -0.28     0.44
    21   -0.584   -0.168      2.494  0.000     1.24    -1.80     9.86    10.07
    21   -0.355    0.047     -0.118  0.000    -2.83     4.29    -2.29     2.95
    21    0.894   -0.473     -4.517  0.000     3.99    -1.20    -0.45     0.46
    21    0.041   -1.064      3.797  0.000     1.80    -0.88     0.44     0.46
    21   -0.493    0.384     -2.587  0.000     1.69     0.57    -1.56     2.08
    21    1.536   -1.033    -14.369  0.000     1.08     2.28    -0.46     0.46
    21    0.770    0.624     -0.437  0.000    -1.13    -4.20    -0.19     0.46
    21    0.435   -0.539     -2.361  0.000     2.97     3.49    -0.45     0.46
    21   -0.765   -0.988      1.584  0.000    -0.75     3.55     0.36     0.46
    21   -1.413    0.079     -5.013  0.000    -1.16     4.05    -0.45     0.47
    21    0.100    0.626      0.184  0.000     0.40    -0.80    -0.61     1.68
    21   -0.700   -0.051      0.716  0.000    -1.16    -0.57     0.34     0.47
    21   -0.709   -1.420      4.601  0.000    -3.05     0.62     1.60     1.75
    21    0.635    0.058      0.315  0.000    -1.86     0.05     0.30     0.54
    21    0.755   -1.319      1.948  0.000     0.97    -1.13     4.69     4.91
    21    1.083   -1.647      3.664  0.000     2.01    -1.76     0.42     0.48
    21   -0.060   -0.148     -0.007  0.000     2.38     0.94    -0.02     0.48
    21    0.147   -2.079      1.042  0.000     2.24     0.03     0.21     0.48
    21   -3.201   -1.989    -15.538  0.000    -7.49    -8.07   -38.42    39.50
    21    0.388   -0.208      0.416  0.000     1.59    -2.08     4.04     4.82
    21    0.049   -0.136     -0.211  0.000     3.64    -0.19    -0.41     1.06
    21    0.570    1.469      3.401  0.000    -2.72    -2.27     1.70     1.91
    21    0.107   -0.374     -0.166  0.000     3.00    -2.68    -0.19     0.49
    21    0.051   -0.182     -0.029  0.000    -0.83     3.79    -0.08     0.49
    21   -0.472   -1.269     -5.265  0.000    -1.66     2.89    -9.95    10.08
    21   -0.078    0.044      0.314  0.000    -0.17     3.26    17.30    17.70
    21    0.543    1.182      2.590  0.000    -0.87     4.46     0.44     0.50
    21    0.328   -0.390     -1.337  0.000     1.33    -5.04    -0.46     0.50
    21   -0.044    0.494     -0.045  0.000    -2.93    -1.24    -0.04     0.50
    21    0.359    1.393     10.899  0.000    -2.78     2.20     3.83     3.92
    21    1.807    0.417     -1.859  0.000    -0.79     0.17    -1.58     1.85
    21    1.736   -0.493      6.307  0.000     3.76    -1.40     0.48     0.50
    21    0.272   -0.773      0.949  0.000    -1.01    -1.78     0.38     0.51
    21   -0.441    1.296      9.962  0.000     3.00    -0.27     1.04     1.09
    21    1.158    0.255     -8.722  0.000    -0.97     0.44    -5.79     5.86
    21    0.088    1.590      1.244  0.000     3.64     3.93     0.31     0.51
    21   -3.283    0.395    -22.871  0.000    -3.26    -3.00    -0.51     0.51
    21   -0.567   -1.413     -4.547  0.000    -1.62    -4.82    -0.49     0.52
    21    0.711   -0.244     -2.406  0.000    -2.26     0.11    -4.73     4.94
    21   -0.642   -0.160     -1.511  0.000    -0.94     4.43    -0.48     0.53
    21   -1.156    1.395      1.898  0.000    -2.10     0.83     0.40     0.72
    21    0.634    0.131     -0.938  0.000     1.63     3.25    -0.54     0.65
    21    0.451   -0.012     -0.957  0.000    -0.73     4.17    -0.60     0.66
    21    0.269   -0.177      0.188  0.000     0.53    -2.00    -1.42     3.41
    21    0.384   -0.916      3.643  0.000     1.23    -2.45     1.40     1.48
    21    0.070    0.084     -0.162  0.000     3.19     4.91    -5.09     8.13
    21    0.262   -0.165      0.398  0.000     1.50     0.85     3.45     5.49
    21    1.378    0.821      0.137  0.000    -0.10     4.06     0.05     0.55
    21   -2.110    1.422     18.233  0.000    -0.64     3.82     0.55     0.55
    21    0.952   -0.343     -3.589  0.000     0.09     0.55    -1.47     1.50
    21   -0.773   -0.333      2.238  0.000     3.58    -2.88     0.52     0.56
    21    0.110    0.299      0.211  0.000     1.69    -0.21    -0.62     1.29
    21    0.498    1.081      3.601  0.000    -1.25     3.53     9.74    10.07
    21    0.317   -0.349      0.708  0.000    -2.22    -0.88     1.51     1.84
    21    0.906   -1.819     -4.862  0.000    -2.19     0.12    -4.17     4.38
    21   -0.642   -1.390    -16.182  0.000    -3.08    -1.14    -2.54     2.57
    21   -0.122    0.714     -0.357  0.000    -0.86     3.53    -1.03     1.41
    21   -0.226   -0.766      0.290  0.000     2.65     0.82     0.19     0.57
    21    0.244    1.064     -0.456  0.000     0.58     1.19    -0.22     0.57
    21   -0.168   -0.716      5.069  0.000    -0.01     0.82     4.02     4.07
    21   -0.748    1.373    -12.966  0.000     0.14    -0.10   -12.08    12.21
    21    0.355    0.680     -0.454  0.000    -0.34     4.22    -0.30     0.59
    21   -2.051    0.928     14.065  0.000     1.38     1.81     5.90     6.03
    21   -1.265    0.177      2.518  0.000    -1.67     3.98     2.09     2.40
    21    0.727   -0.257     -2.880  0.000    -2.31     0.69   -13.47    13.70
    21   -0.550   -0.081      3.273  0.000    -1.25     4.15     2.48     2.58
    21   -0.132    0.178     -0.122  0.000    -1.99     4.51    -0.82     1.35
    21   -1.312    0.371     -0.781  0.000    -3.21     0.21    -0.30     0.60
    21    2.350    1.140      5.528  0.000    -2.96    -2.90     0.54     0.60
    21    0.348    0.556     -0.361  0.000     2.51    -1.31    -0.29     0.60
    21   -1.395    0.114     -3.986  0.000     1.71    -4.36    -0.57     0.60
    21    1.306   -0.559     -1.986  0.000     3.33    -1.11    -0.49     0.60
    21    0.467   -0.606      5.016  0.000     0.66    -4.01     6.05     6.20
    21    0.327   -0.380     -0.085  0.000    -4.33     1.36    -0.10     0.61
    21   -0.279    0.886      2.928  0.000     0.37     0.51     0.58     0.61
    21   -0.009    0.375     -0.243  0.000     0.33     4.06    -2.90     3.93
    21    1.801    1.495    -13.508  0.000    -1.25     1.93    -0.61     0.61
    21   -0.077    0.183     -0.423  0.000     3.80    -0.91    -0.56     0.62
    21    0.622    0.069     -0.326  0.000     2.46    -4.32    -0.29     0.63
    21    0.603    0.236     -0.317  0.000    -2.47    -2.13    -0.28     0.63
    21    0.148   -0.341      0.039  0.000     3.17    -2.97     1.60     3.30
    21    0.103    0.425     -0.238  0.000    -2.47    -1.82    -1.07     1.25
    21    0.088    0.076      0.097  0.000     1.00     0.86    -1.08     3.01
    21   -0.231    0.257      0.035  0.000    -0.41    -1.37     1.02     2.14
    21   -0.000   -0.022      0.024  0.000    -1.18    -3.69     0.28     3.09
    21   -0.308   -0.996     -1.020  0.000     1.42     2.35    -0.45     0.65
    21   -0.929    0.326      0.057  0.000    -1.19     3.99     0.04     0.65
    21   -0.307   -0.115     -0.120  0.000    -0.66    -0.34    -0.23     0.65
    21    0.224   -0.424      0.052  0.000     1.68     0.03     1.28     2.19
    21    0.559    0.324     -1.487  0.000    -2.12     0.42    -0.60     0.66
    21   -1.000    0.365      5.282  0.000    -1.37     5.12     0.65     0.66
    21    1.088    0.600     -6.721  0.000    -0.27     5.83    -0.66     0.67
    21   -0.807   -0.230      1.331  0.000    -3.36     1.39     5.89     7.39
    21   -0.597    0.395     -0.409  0.000     1.07     3.12    -0.33     0.67
    21   -1.716    0.368     19.048  0.000    -1.38     1.87    14.36    14.55
    21   -0.201    0.082      0.179  0.000    -2.45    -1.56     0.43     0.67
    21   -0.776   -0.216     -0.760  0.000    -2.10    -0.32    -0.46     0.67
    21   -0.491    1.572     -2.547  0.000    -2.86     4.24    -2.48     3.12
    21   -0.177   -0.062     -0.161  0.000     0.48    -0.70    -0.53     1.68
    21    0.485    0.901      3.925  0.000     1.79     6.08     0.66     0.68
    21   -0.019    0.005     -0.007  0.000    -1.40    -4.25    -9.44     9.76
    21    0.395    0.734     -1.638  0.000     1.21     0.12    -7.33     7.88
    21   -1.141   -1.178     -1.381  0.000    -2.43    -0.26    -1.87     2.48
    21   -0.200    0.652     -3.468  0.000     2.20    -1.62    -0.68     0.70
    21   -0.421   -0.546      0.302  0.000    -3.54    -1.30     0.28     0.70
    21    0.351   -0.433     -4.775  0.000    -0.46     3.96    -0.70     0.71
    21   -0.417    0.121      0.618  0.000    -0.22    -1.45     8.26     8.53
    21    0.159    0.333     -0.017  0.000    -4.97    -2.04    -0.03     0.71
    21    0.831   -1.217      2.343  0.000     0.31     3.87     1.33     1.56
    21   -0.046   -0.405     -0.462  0.000     0.82    -3.14    -0.54     0.72
    21    0.174    0.481     -0.525  0.000     2.08    -3.90    -0.52     0.73
    21   -0.100    0.259     -0.491  0.000    -2.26     0.62   -10.43    10.70
    21    0.350    0.670      2.037  0.000    -0.79     0.28     1.63     1.91
    21    1.166   -0.328     -7.889  0.000     3.84    -0.03    -8.00     8.07
    21    0.191    0.766      2.723  0.000     0.15    -4.56     0.71     0.74
    21    0.041   -0.806     -0.837  0.000     2.91    -2.76    -0.53     0.74
    21   -0.221   -0.332     -0.909  0.000    -0.29     0.37   -10.35    10.82
    21    0.662    0.256     -2.040  0.000    -0.28     4.11    -0.71     0.75
    21    0.261    0.459     -1.153  0.000    -2.51    -1.69    -0.95     1.25
    21   -0.372    0.266      0.261  0.000    -2.40     1.87     0.37     0.76
    21    1.021    2.364    -14.488  0.000     0.10     0.43    -1.46     1.50
    21   -0.384   -0.435      5.331  0.000    -0.14    -0.19     0.75     0.76
    21    0.102   -0.295     -0.130  0.000    -0.28     3.36    -0.29     0.76
    21    1.020   -0.087      5.873  0.000    -4.59     1.81     0.75     0.76
    21    0.453   -0.233     -6.482  0.000    -3.06    -1.57    -0.76     0.77
    21    0.159   -1.399      1.341  0.000     3.69    -1.92     0.53     0.77
    21    1.021    0.291     -2.894  0.000    -0.25     4.10    -0.72     0.77
    21   -0.584   -0.332      0.323  0.000    -0.36    -0.64     1.99     2.94
    21   -0.141   -0.100     -1.337  0.000    -7.36    -7.98   -38.45    39.50
    21    0.588    0.153     -0.007  0.000     2.75     0.62    -0.01     0.78
    21   -0.365    0.560     -0.725  0.000    -1.68     1.72    -4.27     4.56
    21    0.040   -0.131      0.201  0.000     2.98     0.29     4.63     4.91
    21    0.109   -1.131      5.892  0.000    -1.96    -1.90     0.77     0.78
    21    0.873   -0.891      3.498  0.000     2.03    -2.20     0.74     0.79
    21   -0.602    0.579     -4.264  0.000    -2.31    -0.80    -5.65     5.70
    21   -0.295   -0.403     -0.328  0.000    -2.08    -0.19    -0.43     0.79
    21   -0.266    0.155     -0.016  0.000    -1.20     4.42    -0.04     0.80
    21   -1.807    0.448      2.465  0.000    -3.62    -0.68     0.64     0.80
    21   -0.690    0.081      6.486  0.000     2.27    -0.23     0.79     0.80
    21    0.505   -1.094      2.756  0.000    -3.05    -3.30     0.73     0.80
    21   -0.613    0.213      2.536  0.000    -3.42    -1.50    11.66    12.15
    21    0.217    0.323     -0.742  0.000    -0.54     2.10    -3.57     4.48
    21   -0.178   -0.007      0.380  0.000     1.54    -1.33     0.72     0.80
    21   -0.338   -0.319      3.260  0.000    -1.14     3.40     9.79    10.07
    21    0.689    0.535     -2.698  0.000     1.84     0.88    -3.11     3.49
    21    0.652   -0.521      2.073  0.000     1.49    -2.15     0.75     0.81
    21    0.518   -0.907     -5.300  0.000    -0.79     4.63    -2.86     2.93
    21   -0.278   -0.296     -1.770  0.000     1.09    -0.09    -7.36     7.88
    21    0.007    0.504      0.528  0.000     1.39    -1.40     0.89     1.06
    21    0.317    0.026     -5.599  0.000     0.59    -3.71    -0.84     0.84
    21   -0.766   -1.324     -0.112  0.000    -0.56    -3.34    -0.18     3.63
    21   -0.084   -0.344     -1.860  0.000    -0.19     0.22    -0.84     0.85
    21   -0.507   -0.299     -0.324  0.000    -1.03     5.39    -0.41     0.85
    21    0.025    0.434      1.066  0.000    -4.70     2.14     0.79     0.85
    21    0.398   -1.449     12.926  0.000    -2.02    -0.28     0.85     0.86
    21   -0.019    0.794     11.368  0.000     1.01    -1.08     4.75     4.91
    21   -2.199   -0.752      0.613  0.000    -3.79    -2.20     0.37     1.02
    21    0.272   -0.478      1.002  0.000     1.10     1.66     4.64     4.85
    21   -1.205   -1.060      9.357  0.000    -0.79    -3.41     0.87     0.88
    21    0.243    2.158    -14.779  0.000    -1.00     0.36    -5.79     5.86
    21   -0.993   -2.078      7.440  0.000     2.45    -2.69     0.85     0.89
    21   -1.228   -0.085      2.412  0.000    -1.37     4.23     0.79     0.89
    21    0.721    0.892      4.168  0.000    -0.59     1.22     6.44     6.59
    21    0.759    1.154      4.158  0.000    -0.81     4.50     0.86     0.91
    21   -1.351   -0.308     -3.873  0.000    -0.62     3.71    -8.26     9.29
    21   -0.326    0.283      0.561  0.000    -0.63     3.60     0.72     0.91
    21   -0.268   -1.805      8.254  0.000     0.80    -2.45     1.29     1.32
    21   -0.094    0.870     -3.606  0.000     0.89    -0.64   -12.54    12.80
    21    0.020   -0.361      0.296  0.000    -3.15    -3.72     0.59     0.93
    21    0.434   -0.238     -0.536  0.000    -0.47    -0.05    -0.68     0.93
    21   -1.049    0.571     -6.776  0.000     2.74     3.67    -0.94     0.95
    21    2.143   -1.478    -11.594  0.000     1.17    -3.25    -0.94     0.96
    21    1.108    1.575      0.849  0.000     4.41    -0.43     0.39     0.97
    21   -0.523    0.740      0.091  0.000    -2.10    -0.15     0.10     0.98
    21   -0.217   -0.100      5.514  0.000     1.12     2.82    13.11    13.36
    21    0.189    0.485     -0.792  0.000     3.70     1.70    -6.99     7.23
    21    1.125    0.774     10.030  0.000     1.13     4.50     0.97     0.98
    21    0.529   -1.433      8.412  0.000     0.16    -4.93     0.98     1.00
    21    0.466    1.552      7.250  0.000    -0.11     4.74     0.98     1.01
    21    0.663   -1.629     -2.123  0.000    -1.75    -2.73    -2.89     3.74
    21   -0.984   -0.195     -1.931  0.000    -2.00    -1.03    -0.90     1.02
    21    0.042    0.857      2.578  0.000    -2.81    -1.13     1.60     1.71
    21    0.153    0.267      4.424  0.000     2.40    -2.87     8.59     8.81
    21   -0.201   -0.446     -0.994  0.000     2.04    -2.17    -0.94     1.05
    21   -0.036   -0.178      5.532  0.000    -1.67    -0.60    15.99    16.21
    21    0.718   -0.048     11.505  0.000     0.24     4.69    19.35    19.42
    21    1.735    1.018     -2.017  0.000     1.67     4.81    -0.75     1.06
    21   -0.268   -0.511      0.727  0.000    -0.46    -1.79     0.83     1.07
    21    0.204   -0.092      0.083  0.000     1.29    -0.66     0.37     1.07
    21   -0.441    1.313    -11.016  0.000    -1.29     5.20    -1.06     1.07
    21   -0.048    0.409     -1.783  0.000    -0.41     6.01    -1.04     1.07
    21   -1.002   -2.080     -7.199  0.000     2.85    -0.38    -1.02     1.07
    21    0.083   -0.180     -0.058  0.000     1.30    -3.61    -0.30     1.07
    21   -0.875   -0.275      5.482  0.000    -1.14     4.21     1.06     1.08
    21    0.737   -1.629      5.512  0.000    -2.69    -2.32     1.70     1.81
    21    0.464   -1.264     -6.229  0.000     1.99    -4.59    -1.06     1.09
    21    0.379    0.613      1.704  0.000     3.46     0.31     1.01     1.10
    21    1.024   -0.687     -6.788  0.000     3.15    -0.20    -1.09     1.11
    21   -0.525   -0.817    -30.154  0.000     2.97    -0.12    -1.12     1.12
    21    0.173   -0.139     -0.057  0.000     0.68     3.85    -0.28     1.13
    21    0.804   -0.652     -2.152  0.000    -0.43    -1.14    -7.51     7.91
    21   -0.333    0.316      0.037  0.000    -3.98    -0.01     0.09     1.14
    21    0.546   -0.583      4.366  0.000     3.77    -1.52     1.13     1.15
    21    0.406   -0.436     -0.891  0.000     3.98     2.25    -8.79    10.02
    21    0.148    2.408    -27.994  0.000     1.87    -1.79    -3.73     3.74
    21   -0.137   -0.593      1.920  0.000    -0.22     2.26     4.54     5.08
    21   -0.291   -0.043     -1.015  0.000     0.23     3.86    -3.01     3.93
    21   -0.740   -0.050      3.383  0.000    -3.40    -0.81     1.14     1.16
    21   -0.786    0.645      5.161  0.000    -1.14     4.40     1.15     1.17
    21    0.359   -1.024     -5.284  0.000    -1.37    -0.05    -1.15     1.17
    21    1.205   -0.530     15.659  0.000     3.86    -2.84     1.17     1.17
    21   -0.967    2.870     -9.022  0.000    -1.69     3.96    -9.98    10.63
    21    1.067   -0.083     -1.880  0.000    -1.23    -0.20    -2.19     2.30
    21   -0.178   -2.513     23.416  0.000     0.64    -0.44     1.18     1.19
    21   -0.627   -0.522      4.071  0.000    -0.35     4.38     1.17     1.19
    21    0.165    1.161     -2.510  0.000    -0.48     1.77    -3.96     4.25
    21    0.254   -0.525     -0.201  0.000     1.26     1.80    -0.40     1.21
    21    0.940   -0.695     -4.091  0.000    -1.19    -4.67    -1.17     1.21
    21   -1.764   -1.856     11.527  0.000    -2.28    -0.45     3.71     3.87
    21   -1.471    0.915      8.238  0.000    -0.99     4.05     2.53     2.58
    21    0.652   -1.408     -7.773  0.000     0.03    -0.37   -12.06    12.21
    21   -0.095    0.326     -2.805  0.000    -1.46     1.70    -3.72     3.96
    21    1.359   -1.370     18.890  0.000    -0.49     3.69     1.22     1.23
    21    1.018   -0.438      3.543  0.000     1.76     3.58     1.18     1.23
    21    0.112    0.315     -2.783  0.000    -0.53     3.92    -1.23     1.24
    21   -0.405   -0.679     -2.089  0.000     0.53     2.46    -1.17     1.25
    21    1.061   -0.529    -15.389  0.000     3.87    -0.35   -14.13    14.16
    21   -0.280   -0.193      2.812  0.000     3.64    -2.89     1.26     1.27
    21    0.273   -0.443      3.915  0.000    -1.10     4.81     1.44     1.47
    21   -0.796   -0.605      2.707  0.000    -2.52    -3.94     1.21     1.29
    21   -0.360   -0.671     10.005  0.000     1.35     3.34     4.70     4.72
    21   -0.113    0.408     -0.177  0.000     1.00     0.72    -1.08     3.01
    21    1.566   -0.524    -16.963  0.000    -2.21    -0.73    -6.35     6.46
    21    0.057   -0.867      1.586  0.000     3.66     2.90     1.16     1.32
    21    0.099    0.766      2.593  0.000     0.85     2.18     3.50     3.63
    21   -0.330    2.733     -4.951  0.000    -2.24    -0.32    -2.01     2.48
    21   -0.506    0.333      4.975  0.000     1.75    -1.49     1.34     1.35
    21   -0.043    0.223     13.916  0.000     0.93    -1.98     2.19     2.22
    21    0.029   -0.518     -2.884  0.000    -2.88    -1.98    -1.34     1.36
    21    0.437   -0.573      3.624  0.000    -2.83    -1.54     3.46     3.55
    21    0.068   -0.140     -0.281  0.000     1.29    -3.73    -1.21     1.39
    21   -0.040   -0.624      0.949  0.000     0.95    -3.89     1.16     1.39
    21    0.658   -0.341      6.270  0.000     0.60     0.60     1.38     1.39
    21   -0.127   -0.258      0.114  0.000    -2.71    -2.28     1.68     1.91
    21    1.104   -0.053     -5.946  0.000     0.36    -4.77    -1.38     1.41
    21    0.160   -0.592      7.744  0.000    -2.92    -1.93    12.70    12.85
    21   -0.643   -1.147     -4.365  0.000    -3.20    -2.69    -1.36     1.42
    21    0.574    0.067     -2.238  0.000    -0.68     4.08    -1.39     1.44
    21   -1.368   -0.287     -8.103  0.000    -1.45    -4.17    -1.42     1.44
    21    0.799    1.681     -8.236  0.000     1.40    -1.68    -1.41     1.45
    21    0.700   -0.216     -1.481  0.000     0.72    -4.95    -1.30     1.45
    21    1.194   -0.455     -4.089  0.000    -2.42    -1.36    -5.12     5.21
    21    0.461   -0.436      1.008  0.000    -0.30    -1.74     7.74     8.08
    21   -1.403   -0.823      9.217  0.000    -1.59    -0.72    16.02    16.21
    21    0.013   -0.486    -20.566  0.000     1.81    -1.78    -3.71     3.74
    21   -0.097    0.188     -3.936  0.000     1.35     0.46    -2.49     2.58
    21   -0.592    0.193      4.611  0.000    -1.88     0.40     1.50     1.51
    21   -0.164   -0.032      0.112  0.000    -1.41     4.29     0.85     1.52
    21    0.939    0.065     -8.970  0.000     3.07    -0.13    -1.52     1.53
    21    0.308    0.503     -1.972  0.000    -0.59     4.73    -2.84     2.93
    21    1.217   -0.715    -12.342  0.000    -2.49    -2.01    -1.56     1.57
    21   -0.026   -0.261      0.092  0.000    -0.32     3.05     0.52     1.57
    21   -0.286   -1.367      5.318  0.000     2.48     0.98     1.54     1.59
    21   -0.148   -0.859     -5.823  0.000     0.94    -3.44    -2.01     2.04
    21    0.264   -0.284      0.056  0.000     0.11     3.10     0.23     1.60
    21   -2.228    0.520      9.292  0.000    -1.43     4.40     1.88     1.95
    21   -1.269   -0.401      9.219  0.000     0.60    -2.23     1.59     1.61
    21   -0.012   -0.729     -8.401  0.000    -1.46    -4.61    -1.61     1.61
    21   -0.311   -0.315      0.521  0.000    -2.43    -0.41     1.24     1.63
    21   -0.619   -0.444      0.736  0.000     0.75    -1.69     1.13     1.63
    21   -0.968    0.559     -6.188  0.000    -3.37    -1.40    -1.64     1.66
    21   -0.720    0.009      5.034  0.000    -2.28    -0.18     1.65     1.67
    21   -1.459    0.915      6.115  0.000     0.90     2.90    13.07    13.36
    21   -0.131   -1.353      4.831  0.000    -0.95     4.15     3.42     3.56
    21   -0.383   -0.212      5.938  0.000    -0.32     3.18     1.69     1.70
    21   -1.863   -0.127    -11.965  0.000     2.39     0.02    -2.49     2.53
    21    0.577    0.071      2.406  0.000    -0.64    -0.50     7.51     7.62
    21    0.405   -0.202      0.791  0.000     3.86    -0.97     1.50     1.73
    21    0.444   -0.431     -0.594  0.000    -1.76    -2.73    -2.97     3.31
    21    0.405   -0.165     -0.578  0.000     2.01     1.91    -1.39     1.75
    21    0.301    0.701     -2.947  0.000    -2.48     0.94    -2.15     2.22
    21   -0.831   -0.828     21.600  0.000     1.84    -4.44     1.75     1.75
    21    0.630    0.247     -5.903  0.000    -0.32     4.10    -1.74     1.75
    21   -0.802    0.441     -1.357  0.000    -0.64     1.70    -4.59     4.92
    21    0.049    0.477      3.463  0.000     3.65    -1.12     1.75     1.77
    21   -0.456    0.070      0.700  0.000    -1.05     0.02     1.48     1.77
    21    0.280    0.955      7.585  0.000     3.69    -1.14     1.77     1.79
    21   -0.052    1.528     -4.084  0.000     2.48     0.22    -2.46     2.53
    21   -1.875    1.180     21.683  0.000     0.14     1.51     1.80     1.81
    21    0.065    0.073      0.016  0.000     5.11     0.19     0.30     1.83
    21    0.242   -1.768     18.123  0.000     1.87    -1.94     7.27     7.29
    21   -0.596    0.396      2.328  0.000    -1.27     1.86    14.39    14.55
    21   -0.328    0.232      0.813  0.000     0.95    -2.03     2.21     2.22
    21   -0.906    0.360      5.967  0.000    -2.26    -1.64     1.94     1.97
    21    0.594   -0.157      1.413  0.000     4.62     0.80    10.39    11.27
    21   -1.213    0.666     -6.983  0.000    -5.15    -3.73    -1.96     2.00
    21   -0.726   -0.299    -18.362  0.000    -0.88    -0.05   -18.39    18.47
    21   -0.543   -1.377     -6.900  0.000    -2.31    -4.06    -1.97     2.01
    21    1.079    0.243      8.729  0.000     2.04    -0.70     2.01     2.03
    21   -0.384   -0.828      5.967  0.000    -3.24    -1.83     2.04     2.06
    21   -1.107    0.645     -3.575  0.000     3.29    -0.80    -1.96     2.08
    21    1.031    0.084      6.721  0.000     1.08     0.53     2.06     2.08
    21    0.151    0.592      8.613  0.000     2.60    -2.31     2.10     2.10
    21   -0.284    0.016     -0.354  0.000    -3.03     0.42    -1.67     2.14
    21    0.249   -0.539      0.465  0.000    -0.17    -2.01     1.56     3.17
    21    0.826    0.505     -4.782  0.000    -0.30     0.45    -3.33     3.41
    21    0.392   -0.763     -4.027  0.000    -0.75    -0.13   -18.37    18.47
    21   -0.222   -0.168      0.433  0.000    -0.31    -1.07     3.09     4.27
    21    0.112    0.081      8.360  0.000     1.72    -1.85     7.28     7.29
    21   -0.631   -0.338     -4.874  0.000    -5.00     1.67    -2.20     2.22
    21   -0.316    0.850     10.375  0.000    -0.73     5.18     9.35     9.39
    21    0.216    0.550     -1.485  0.000     1.24     3.77    -2.08     2.24
    21    0.648   -0.088     -1.112  0.000     1.05    -0.28    -1.96     2.27
    21   -0.878    0.103      3.265  0.000     2.38    -0.27     2.66     2.80
    21   -0.623   -0.146      1.915  0.000     0.89    -2.96     2.19     2.30
    21   -0.370   -0.129     -3.574  0.000    -2.27     0.53    -3.87     3.94
    21    0.833    0.935      1.766  0.000    -2.26    -0.47     3.62     3.87
    21    0.428    0.119      0.042  0.000     2.34    -4.14     0.22     2.34
    21    0.732    1.155     21.165  0.000    -1.61     0.46     2.34     2.34
    21   -0.044    0.533      5.374  0.000    -0.14    -1.57     8.33     8.53
    21   -0.117    0.147      0.627  0.000    -1.00     4.03     3.43     3.56
    21   -0.770   -0.237    -18.421  0.000    -1.72    -0.22    -2.36     2.36
    21    0.920    0.135     -7.153  0.000    -1.76    -3.13    -2.35     2.36
    21    0.879   -0.524      5.318  0.000    -2.80    -3.24     2.33     2.37
    21   -0.005   -0.238      0.319  0.000     1.15    -4.20     3.24     3.41
    21   -1.016    0.867     -1.643  0.000     1.85     0.82    -3.18     3.49
    21   -0.842   -1.201      9.665  0.000    -2.22     0.48     7.33     7.41
    21    0.195   -0.227      0.811  0.000     5.95   -16.13    38.26    41.63
    21    0.063   -0.631      3.156  0.000     1.84    -1.23     2.40     2.45
    21    0.059    0.026     -0.173  0.000     1.26     1.03    -2.38     2.53
    21    0.137    0.240     -0.131  0.000     0.46    -1.31    -1.09     2.55
    21   -0.140   -0.027      0.524  0.000    -5.38     1.69     2.46     2.55
    21    0.530    0.918    -21.068  0.000     1.32     0.18   -19.73    19.78
    21    0.190    0.041     -0.034  0.000     3.46    -2.60    -0.44     2.56
    21   -0.414   -1.150     11.693  0.000     1.17    -2.22     2.57     2.58
    21    0.895   -0.819     -6.972  0.000     0.76    -0.89   -12.56    12.80
    21   -0.275   -0.146     -0.031  0.000    -0.69    -4.01    -0.26     2.60
    21   -0.094    0.120     -0.875  0.000    -0.33     0.32   -10.34    10.82
    21   -0.011    0.179      0.326  0.000     1.28    -0.77     2.29     2.62
    21    0.190    0.636      0.098  0.000     2.34     1.25     1.29     3.77
    21    0.866   -0.173     -3.149  0.000     0.10    -0.10    -2.68     2.82
    21   -2.489    1.066      8.742  0.000    -1.12     0.53     3.89     4.24
    21    0.286   -0.155     -0.441  0.000     1.22     3.78    -2.15     2.67
    21    0.123   -0.131     -0.131  0.000     3.30    -2.35    -1.60     2.71
    21   -0.469   -0.149     -0.605  0.000    -5.38     2.22    -2.11     2.72
    21    0.805    0.144     -4.865  0.000    -0.63    -0.85    -2.70     2.73
    21   -0.911    0.270     -8.295  0.000    -1.85     0.22    -2.72     2.74
    21    0.531   -0.419      1.754  0.000    -0.19     3.65     2.56     2.75
    21   -0.397   -0.853      6.949  0.000    -0.63    -0.47     7.51     7.62
    21    0.022    0.575      2.360  0.000    -0.98     1.97    12.41    12.56
    21    0.397    0.435     -6.849  0.000    -0.46     2.64    -2.78     2.79
    21    0.522   -0.163      3.006  0.000     1.84    -2.18     2.76     2.81
    21   -0.159   -0.378     -1.108  0.000     2.50     2.69    -2.64     2.82
    21   -0.138   -0.267     -0.897  0.000    -0.31    -5.56    -2.69     2.84
    21    0.710    0.297     -5.199  0.000    -2.00    -1.21    -7.03     7.20
    21    0.590   -0.254     -1.547  0.000     3.93    -2.70    -2.75     2.98
    21   -0.344    0.106      1.111  0.000    -3.71    -1.76    16.98    17.23
    21    0.093    0.674     -3.762  0.000    -0.47     0.79    -4.73     4.84
    21    0.341    0.950     -9.569  0.000    -2.04     5.02    -2.99     3.01
    21   -0.199    0.572     -3.791  0.000     2.73     4.05    -3.01     3.05
    21    0.627    1.263      4.798  0.000     1.16     2.07     6.05     6.28
    21   -0.881    1.386    -13.659  0.000    -1.56     2.86    -9.92    10.08
    21    0.878    0.829     -8.245  0.000    -1.82    -3.35    -3.23     3.27
    21    0.518    1.032      3.095  0.000     2.95     0.16     4.62     4.91
    21    1.059    0.013      7.899  0.000    -2.04     0.33     7.34     7.41
    21    0.792   -0.416     -3.984  0.000     2.21     2.45    -3.28     3.36
    21    0.282    0.436      3.460  0.000    -0.41    -1.51     7.14     7.37
    21   -0.326    0.180     -4.632  0.000    -1.93     0.47    -3.42     3.43
    21   -0.957   -0.603      8.520  0.000     2.26    -2.23    10.99    11.11
    21   -0.060   -0.256     -0.141  0.000    -1.82    -4.44    -1.64     3.47
    21    0.127    0.011     -0.079  0.000    -0.50     0.51    -4.85     5.10
    21    0.014    0.157     -4.284  0.000    -0.07     2.39   -22.92    23.22
    21    0.575    0.228     -0.256  0.000     4.05     5.63    -1.35     3.53
    21   -0.802   -0.340     -5.707  0.000     2.38     3.38    -3.56     3.61
    21   -0.396    0.139     -3.991  0.000     3.54    -1.03    -3.59     3.61
    21    0.396    0.749      3.997  0.000     1.58     3.29     4.69     4.72
    21    0.817   -0.408     -3.754  0.000    -4.51    -3.07    -3.55     3.66
    21   -0.857   -1.269      9.778  0.000    -1.00    -3.79     3.65     3.70
    21   -0.053    0.250     -6.957  0.000    -2.26     0.76   -13.44    13.70
    21   -0.690    1.225     -5.076  0.000     2.51    -0.10    -3.63     3.77
    21    0.112   -0.307      0.463  0.000    -0.21     2.19     3.11     3.81
    21    0.840   -1.378      4.779  0.000     4.27    -2.42     3.66     3.86
    21    0.875    0.824     19.357  0.000     2.74     1.55     4.04     4.05
    21    1.045    0.051     -3.824  0.000     2.10     2.36    -3.92     4.07
    21    0.111    0.923      3.474  0.000    -0.02    -0.15     3.98     4.12
    21    0.306   -0.084     -1.103  0.000     4.10    -0.39    -3.99     4.15
    21   -0.111    0.244     -0.235  0.000    -2.86     1.95    -2.78     4.22
    21    0.014   -0.220     -1.652  0.000    -0.58     1.90    -4.22     4.26
    21    0.199   -0.533      3.601  0.000     2.29    -2.07    11.02    11.11
    21   -0.786    0.348    -13.561  0.000    -2.31    -3.06    -4.26     4.27
    21   -0.138    0.274      0.279  0.000    -1.52     2.73     2.91     4.33
    21   -0.422    1.015     -0.135  0.000    -6.39     5.83    -0.54     4.38
    21   -0.750    0.078     10.508  0.000     2.67    -0.06     4.41     4.42
    21   -0.284    0.122     -3.148  0.000     2.70    -0.42    -4.40     4.43
    21    0.130    0.236     -0.278  0.000    -0.55     2.52    -3.18     4.43
    21   -0.593    0.528      8.883  0.000     0.70    -2.86     4.51     4.53
    21   -0.346    0.192     -0.908  0.000    -0.56     3.19    -4.17     4.55
    21    0.864    1.611    -13.170  0.000     3.83    -0.07    -7.24     7.32
    21   -0.314    0.227      2.629  0.000     0.46     4.84     4.74     4.79
    21    0.082   -0.016      0.170  0.000    -3.54    -1.57    11.68    12.15
    21   -0.109    0.161      1.306  0.000    -1.64     5.66     4.75     4.80
    21    0.308   -0.979     -7.101  0.000    -1.15     4.57    -7.10     7.13
    21   -0.361    0.144      2.507  0.000     0.25     4.71    19.35    19.42
    21    0.895    1.947     35.051  0.000     0.89     3.11     4.94     4.95
    21    0.911    1.429      9.063  0.000     1.20    -1.78     9.86    10.07
    21    1.094   -1.469     -8.865  0.000     2.39    -0.43    -4.88     4.98
    21   -1.904   -1.572     22.809  0.000     0.94    -2.38     5.05     5.08
    21    0.987    0.102      6.635  0.000     1.29    -3.64     5.03     5.09
    21   -0.053    0.403     -0.519  0.000    -3.11     4.66    -4.23     5.37
    21    0.191    0.501     -1.369  0.000     3.59     5.44    -5.04     5.41
    21    0.229   -0.298      4.634  0.000    -0.49    -0.12     5.65     5.67
    21   -0.583    0.333      5.474  0.000    -0.28     3.43    17.26    17.70
    21   -0.319    0.151      3.263  0.000    -0.72     5.15     9.34     9.39
    21    0.762   -0.346      3.213  0.000    -0.68    -0.81     5.73     5.92
    21    0.172   -0.000      3.007  0.000    -2.85    -3.01     5.95     5.96
    21    0.005    1.047    -14.072  0.000    -1.69     0.80    -6.06     6.07
    21    0.146   -0.035     -0.011  0.000     0.72     2.61     8.50     8.76
    21   -0.065    0.247     -2.177  0.000    -1.16     4.98    -6.34     6.39
    21    0.281   -0.435     -2.272  0.000     4.68    -2.36    -6.29     6.45
    21   -0.349    0.331     -7.518  0.000    -0.69     6.06    -6.57     6.58
    21    0.240    0.019      1.103  0.000     1.80    -0.14     6.52     6.68
    21   -0.226    0.316      2.059  0.000    -1.30     4.80     6.62     6.74
    21    0.328   -0.394     -5.630  0.000     3.28     3.12    -6.73     6.76
    21    0.446   -0.565     -5.435  0.000     1.33    -0.03   -19.72    19.78
    21   -0.290   -0.398      0.548  0.000    -3.27     0.07     5.10     6.86
    21    0.261   -0.921     10.674  0.000     2.53    -0.84     6.99     7.02
    21    0.559    0.520    -13.694  0.000     3.97    -0.27   -14.14    14.16
    21    0.586   -0.656     12.062  0.000    -2.55    -2.12     7.07     7.09
    21   -0.027    0.043     -0.081  0.000    -3.57     3.62    -6.04     7.15
    21   -0.317   -0.181     -3.838  0.000    -1.64    -0.09    -7.43     7.47
    21    0.227    0.627    -17.066  0.000     0.01     0.15    -7.53     7.53
    21   -0.876   -0.114      4.970  0.000    -3.68    -1.73    17.00    17.23
    21    0.257    0.009      4.573  0.000    -1.61    -0.17     7.74     7.76
    21    0.314   -0.449    -10.878  0.000    -0.28     3.70    -7.79     7.80
    21    0.436   -0.021     12.288  0.000    -2.90    -3.02     8.02     8.03
    21   -0.415   -0.519      9.112  0.000     0.62    -3.60     8.30     8.33
    21    0.821   -0.361     10.795  0.000    -4.07     1.53     8.54     8.57
    21    0.046   -0.270     -0.499  0.000    -2.48    -1.48   -12.53    12.69
    21    0.168    0.329     -0.252  0.000     3.77     7.19    -4.98     8.83
    21    0.005    0.225      0.354  0.000     0.92     2.69     7.63     9.04
    21    0.537    0.839     21.080  0.000    -0.78     4.91    10.33    10.34
    21    0.206   -0.077     -0.938  0.000     5.94    -1.92    -9.28     9.54
    21   -0.064   -0.014      0.285  0.000    -3.15     3.58     9.32     9.57
    21   -0.251    0.487      9.728  0.000     2.31     1.87     9.78     9.79
    21   -0.172    0.025      3.930  0.000    -3.81     2.71    10.05    10.06
    21   -0.151    0.457     -5.112  0.000    -1.77     1.17   -11.09    11.14
    21   -0.424    1.111    -15.694  0.000     1.70     1.21   -11.19    11.22
    21   -0.311    0.594     18.121  0.000     2.16     0.13    11.46    11.47
    21   -0.333    0.148      4.566  0.000     1.51     0.14    11.70    11.73
    21    0.804    0.278     21.105  0.000    -2.11     1.30    11.99    12.00
    21   -0.649    0.672    -22.441  0.000    -0.88     4.41   -12.98    12.99
    21   -0.538   -0.651     14.489  0.000    -3.68    -3.61    13.37    13.39
    21   -0.053    0.665      2.252  0.000    -2.99     5.27    13.16    13.72
    21   -0.077   -0.343     16.449  0.000    -1.70     1.75    13.96    13.97
    21    0.149    0.457    -11.016  0.000     3.11    -1.53   -17.26    17.28
    21    0.018    0.267    -22.312  0.000    -1.02     4.25   -17.31    17.31
    21    0.327    0.082     -0.118  0.000    20.46     3.01    -5.96    18.09
    21    0.296    0.361    -14.082  0.000     0.84     1.17   -18.48    18.49
    21   -0.046    0.053      0.578  0.000    -0.65     3.91    19.13    19.27
    21    0.011   -0.327      5.590  0.000     2.04    -0.79    20.68    20.71
    21   -0.164    0.292     13.603  0.000    -3.45    -0.27    24.63    24.63
    21   -0.103    0.295      7.045  0.000     1.43     0.29    25.02    25.05
    21    0.130   -0.328      5.286  0.000     1.67    -4.82    27.24    27.30
    21   -0.110   -0.111     -7.008  0.000    -1.07     3.46   -35.61    35.62
    21   -0.027    0.516      8.494  0.000     1.64     2.27    49.87    49.96
    21    0.177   -0.018     -1.313  0.000    10.02     2.94   -78.00    78.72
    21    0.158   -0.096     -9.876  0.000    -1.58    -3.20   -88.52    88.54
    21    0.051   -0.015      1.374  0.000     4.09    -0.48    90.35    90.41
    21   -0.057   -0.041     -1.328  0.000    -8.58    -6.86  -126.03   126.21
    21    0.065    0.181     20.186  0.000    -4.31     2.97   128.33   128.33
    21   -0.049    0.021      1.039  0.000    -6.35     0.41   152.10   152.31
    21    0.005    0.021      0.172  0.000    10.58    50.41   371.62   374.67
